694
1,136,964
7,5,7085,185,506,200,4073,353,590,367,915,372,2950,538,10622
4,3,14720,24,5473,373,14413,466,2319
4,2,14720,280,3573,307,5388,396,475
2,29,187,205,1561
6,1,7085,148,2478,225,2400,539,11363,625,715,679,25
4,99,8440,287,4972,363,1771,411,2672
7,53,7076,70,110,198,1521,236,226,389,2444,398,7166,404,299
1,31,2157
4,112,2433,128,2429,512,2557,515,725
2,376,1218,683,85
4,42,2045,97,8782,164,5402,332,3716
3,309,2309,399,5059,665,56
1,64,433
1,176,1286
3,489,222,574,5292,592,7310
3,134,1070,270,2319,277,2674
2,115,6809,387,1521
1,346,2144
1,235,3544
4,221,943,251,2731,292,679,680,313
4,227,3557,307,8549,561,2504,592,7006
4,109,590,382,1350,383,337,693,157
5,53,2989,123,955,139,4906,211,3177,375,705
2,2,5473,196,376
2,623,2198,692,10
4,297,2420,540,4700,571,3056,627,4618
1,284,4812
1,96,1074
1,4,187
1,131,2070
4,8,2157,246,355,540,9265,545,674
1,251,1492
2,68,2984,275,2985
2,83,3970,388,551
4,36,2981,42,5952,175,1389,370,3445
2,35,2981,92,7098
1,38,292
2,37,292,122,5714
1,334,1878
1,338,6762
2,66,1216,408,381
2,11,2045,35,5952
1,44,2344
3,43,2344,124,2098,148,5810
1,46,52
2,45,52,162,28064
2,75,1972,591,531
2,49,3251,159,1748
4,48,3251,182,2350,435,4178,691,1
1,51,2792
3,50,2792,410,646,492,525
2,259,2506,476,2255
4,7,7076,23,2989,374,3177,460,4684
2,97,3816,478,707
3,80,3499,381,9,563,10799
1,361,2168
1,270,1119
4,389,6022,393,1722,541,3950,544,3979
2,169,1128,309,1945
2,150,266,330,8062
2,218,1261,268,344
3,131,2218,675,800,690,16
1,370,957
2,13,433,139,964
1,163,1147
2,41,1216,372,2069
1,309,1010
2,33,2984,303,2722
1,339,10376
2,7,110,199,291
3,164,2750,177,66,424,235
1,160,413
1,522,1090
1,125,11083
2,47,1972,201,1461
3,131,6624,215,5021,689,3
1,399,521
1,374,792
2,176,1143,616,2292
5,55,3499,81,1163,85,1728,257,803,390,7837
2,80,1163,82,142
1,81,142
10,34,3970,102,1791,209,1051,215,2739,279,1665,303,4954,317,7,379,1762,384,2559,636,626
1,130,5396
2,80,1728,122,1809
1,165,2336
2,88,23375,402,869
1,87,23375
2,231,10064,313,12270
1,91,3557
3,90,3557,205,4892,555,4744
1,36,7098
1,235,1426
1,141,1764
3,264,1643,326,68,443,21251
3,28,1074,220,5760,688,60
6,11,8782,54,3816,98,2946,220,4234,278,34,380,7107
1,97,2946
6,6,8440,111,1890,131,4592,210,1954,364,2585,369,3104
3,101,4,569,4084,659,196
1,100,4
1,83,1791
1,334,359
2,105,254,441,920
1,104,254
1,130,5038
1,231,1247
2,245,990,658,938
1,22,590
1,399,411
2,99,1890,289,1987
2,9,2433,411,2379
1,207,1286
2,183,489,245,3170
2,17,6809,224,927
2,313,2817,378,3028
2,241,3704,256,1001
2,143,742,171,997
2,336,2314,434,659
1,249,9317
1,122,349
3,38,5714,85,1809,121,349
2,23,955,166,5030
1,44,2098
3,74,11083,164,9062,312,2747
2,454,3252,687,18
2,386,436,439,1130
1,9,2429
1,575,205
5,84,5396,106,5038,230,3100,273,3031,288,5380
5,30,2070,62,2218,76,6624,99,4592,327,2426
1,189,1769
1,168,4911
1,16,1070
1,283,16
3,0,964,288,2792,414,5550
2,570,2728,686,25
4,144,653,286,4326,357,52,685,12
3,23,4906,64,964,527,2591
2,275,2613,315,847
3,94,1764,223,4530,671,2963
1,202,194
1,118,742
2,138,653,145,312
1,144,312
1,416,17
1,225,947
2,5,2478,44,5810
2,312,1321,358,886
1,60,266
1,456,1397
1,555,2150
2,231,2830,270,1938
1,328,1559
1,449,860
2,262,124,561,863
2,158,1615,335,164
3,157,1615,332,6684,471,96
3,48,1748,333,541,684,5
4,72,413,174,418,342,1144,616,4766
2,339,3260,562,5365
3,46,28064,550,4308,581,2205
3,65,1147,186,1460,443,1463
6,11,5402,71,2750,125,9062,208,3589,360,2801,558,8780
4,86,2336,219,1874,402,3399,566,630
1,123,5030
1,307,66
2,133,4911,279,1824
2,59,1128,234,472
4,206,979,276,1452,277,1603,682,2
3,118,997,172,1723,523,1373
2,171,1723,409,907
2,339,13082,340,4343
1,160,418
1,35,1389
3,14,1286,79,1143,263,91
1,71,66
2,208,3784,556,4878
2,255,5886,328,1362
1,380,92
1,370,2006
1,49,2350
1,114,489
1,200,778
1,1,506
1,163,1460
4,237,1655,316,2366,365,1107,552,594
3,325,2864,402,2837,435,4890
3,132,1769,436,1290,661,231
1,570,4099
2,235,1192,433,322
2,251,2490,499,3444
2,498,1623,499,14036
2,195,124,275,1499
2,194,124,291,342
1,24,376
1,292,387
1,7,1521
1,70,291
3,1,4073,184,778,565,2596
3,75,1461,391,1889,399,3242
2,142,194,272,480
2,212,697,233,178
1,510,2569
3,4,1561,91,4892,222,8920
1,170,979
2,113,1286,313,17573
3,164,3589,178,3784,217,2014
1,83,1051
2,99,1954,575,1707
1,23,3177
3,203,697,360,4384,451,900
3,402,1858,523,6652,613,157
1,215,820
5,76,5021,83,2739,214,820,254,339,462,982
3,482,2745,484,3842,681,448
1,208,2014
2,61,1261,219,1642
5,165,1874,218,1642,470,38,490,989,553,582
2,96,5760,97,4234
1,20,943
1,205,8920
2,141,4530,585,3570
1,115,927
2,5,2400,147,947
2,311,1165,609,185
1,21,3557
1,229,147
3,228,147,369,1636,445,4451
3,130,3100,242,7501,243,1652
5,89,10064,107,1247,153,2830,352,1002,361,3170
1,251,1773
1,203,178
1,169,472
4,19,3544,93,1426,191,1192,420,5449
1,7,226
2,187,1655,358,1972
1,542,595
1,455,195
2,382,454,672,274
2,117,3704,557,2930
3,230,7501,313,10808,475,2398
1,230,1652
1,411,539
5,108,990,114,3170,287,49984,305,2636,309,3452
1,31,355
1,426,1384
1,330,2503
2,120,9317,361,2837
1,330,652
5,20,2731,32,1492,192,2490,232,1773,271,576
1,387,687
1,554,434
1,215,339
1,179,5886
3,117,1001,308,500,366,180
1,80,803
1,546,394
1,52,2506
1,361,2848
1,411,283
1,156,124
1,176,91
1,95,1643
3,494,209,616,2848,617,137
2,267,4,443,921
1,266,4
1,61,344
3,288,6849,359,2076,558,4167
3,16,2319,57,1119,153,1938
1,251,576
2,202,480,273,3880
2,130,3031,272,3880
1,472,1266
3,33,2985,140,2613,194,1499
1,170,1452
2,16,2674,170,1603
1,97,34
4,83,1665,168,1824,281,145,476,1826
1,3,3573
1,279,145
3,432,1348,480,2452,645,87
2,135,16,406,4461
2,27,4812,389,2823
1,461,547
2,138,4326,567,2639
3,6,4972,245,49984,415,3579
5,130,5380,136,2792,269,6849,580,144,678,7
2,111,1987,582,1586
2,454,2102,579,425
1,195,342
3,20,679,197,387,293,28
1,292,28
1,328,152
1,296,34
2,295,34,376,686
2,26,2420,453,546
3,384,5348,676,2,677,1
3,300,2938,330,7533,480,2071
2,299,2938,465,223
1,330,1079
2,449,735,600,949
2,68,2722,83,4954
1,384,3385
2,245,2636,331,753
1,414,2404
10,3,5388,21,8549,167,66,311,4709,351,1990,390,6218,435,20846,500,2732,525,2526,610,1847
1,256,500
6,12,2309,59,1945,67,1010,245,3452,355,2193,420,8683
2,369,6930,464,2578
5,226,1165,307,4709,648,152,649,90,652,41
3,125,2747,149,1321,507,1354
5,89,12270,116,2817,207,17573,242,10808,314,3257
1,313,3257
1,140,847
2,187,2366,318,983
1,83,7
1,316,983
1,348,68
1,420,325
1,499,1947
1,416,1962
2,416,909,449,4295
2,458,1847,463,2960
3,188,2864,340,19196,634,362
1,95,68
2,131,2426,454,14886
6,154,1559,179,1362,294,152,329,39,330,9915,455,2429
1,328,39
6,60,8062,248,2503,250,652,299,7533,301,1079,328,9915
1,305,753
3,11,3716,158,6684,406,3072
1,159,541
5,39,1878,103,359,361,19671,468,606,663,125
1,157,164
1,119,2314
2,445,4577,519,2129
4,40,6762,369,7607,518,5896,602,592
3,69,10376,161,3260,173,13082
4,173,4343,325,19196,509,2724,650,360
1,620,32
1,160,1144
2,403,2767,644,536
3,457,4736,460,2451,484,7750
1,348,401
6,18,2144,347,743,348,3582,350,3182,395,1342,612,919
1,346,743
5,319,68,345,401,346,3582,418,1119,674,66
1,418,949
6,346,3182,419,3143,456,1607,457,2238,618,1404,673,3
1,307,1990
2,231,1002,354,1507
1,1,590
1,352,1507
2,309,2193,356,24
1,355,24
1,138,52
2,149,886,237,1972
2,269,2076,604,616
2,164,2801,212,4384
9,56,2168,231,3170,249,2837,260,2848,334,19671,362,3169,371,1944,646,576,660,721
1,361,3169
1,6,1771
1,99,2585
1,187,1107
1,256,180
1,1,915
1,402,363
5,99,3104,229,1636,310,6930,338,7607,479,1234
3,35,3445,63,957,181,2006
1,361,1944
2,1,2950,66,2069
1,2,14413
3,53,3177,78,792,632,1841
1,23,705
3,10,1218,296,686,443,4765
1,488,340
5,116,3028,458,3750,481,672,502,927,616,3271
1,83,1762
3,97,7107,180,92,430,2549
1,55,9
3,22,1350,240,454,475,6798
1,22,337
5,83,2559,298,5348,304,3385,387,1903,474,7401
1,500,2707
1,127,436
3,17,1521,252,687,384,1903
1,34,551
3,7,2444,58,6022,284,2823
3,80,7837,307,6218,549,2348
2,201,1889,557,9395
1,436,1316
2,58,1722,394,92
1,393,92
2,346,1342,496,202
2,3,475,397,1079
1,396,1079
5,7,7166,514,6797,521,2485,533,1206,586,9192
6,12,5059,77,521,110,411,201,3242,623,2711,670,18
1,663,6208
1,402,3981
10,87,869,165,3399,188,2837,213,1858,368,363,401,3981,444,10818,472,5101,555,6833,654,64
3,343,2767,539,5106,547,1605
1,7,299
2,461,3784,488,1236
2,283,4461,332,3072
1,505,674
1,41,381
1,172,907
1,51,646
5,6,2672,112,2379,244,539,261,283,413,200
1,413,111
2,411,200,412,111
2,136,5550,306,2404
2,287,3579,526,14537
3,146,17,322,1962,323,909
1,418,427
3,348,1119,349,949,417,427
3,350,3143,469,1131,503,447
8,235,5449,309,8683,320,325,423,1256,435,2953,497,5045,499,2284,517,2017
1,422,93
2,421,93,459,598
1,420,1256
1,71,235
1,455,3125
3,247,1384,440,367,441,1969
3,428,31,447,460,601,1942
1,427,31
1,430,1214
3,380,2549,429,1214,601,1763
1,600,17
1,282,1348
1,191,322
4,119,659,523,4072,606,881,638,283
6,49,4178,188,4890,307,20846,420,2953,667,21,669,63
4,189,1290,392,1316,437,718,499,1937
2,436,718,438,793
1,437,793
3,127,1130,462,1518,668,1
1,426,367
5,104,920,426,1969,448,1709,485,1573,616,2251
1,448,391
7,95,21251,163,1463,266,921,376,4765,450,3120,570,6266,639,655
1,402,10818
3,229,4451,337,4577,446,169
1,445,169
1,427,460
2,441,1709,442,391
4,155,860,302,735,323,4295,563,1540
4,443,3120,488,3897,497,7575,635,14918
1,212,900
3,456,2612,483,2522,537,1117
1,297,546
3,126,3252,290,2102,327,14886
5,239,195,328,2429,425,3125,458,3659,554,2160
3,151,1397,350,1607,452,2612
2,344,4736,350,2238
3,324,1847,378,3750,455,3659
2,422,598,506,1992
5,53,4684,344,2451,488,4666,492,6410,599,1500
2,285,547,405,3784
3,215,982,439,1518,666,99
1,324,2960
1,310,2578
1,300,223
1,2,2319
1,476,6732
1,334,606
2,419,1131,504,273
1,219,38
1,158,96
2,274,1266,402,5101
1,474,4041
5,384,7401,473,4041,614,1557,631,990,664,34
2,242,2398,382,6798
3,52,2255,279,1826,467,6732
1,632,3787
2,54,707,605,1510
1,369,1234
2,282,2452,299,2071
1,378,672
1,216,2745
2,452,2522,622,551
2,216,3842,344,7750
1,441,1573
2,487,1951,522,682
3,486,1951,572,205,662,26
6,377,340,405,1236,450,3897,460,4666,542,2496,620,1824
2,15,222,491,478
1,219,989
1,489,478
2,51,525,460,6410
1,494,3297
3,265,209,493,3297,495,176
1,494,176
1,395,202
2,420,5045,450,7575
1,193,1623
6,192,3444,193,14036,321,1947,420,2284,436,1937,607,1662
3,307,2732,385,2707,501,3289
1,500,3289
2,378,927,608,55
1,419,447
2,469,273,629,52
2,407,674,506,570
3,459,1992,505,570,523,1192
1,312,1354
1,514,4172
1,340,2724
2,204,2569,594,4690
1,582,2069
1,9,2557
1,514,462
5,398,6797,508,4172,513,462,520,1714,532,9533
1,9,725
1,582,238
1,420,2017
1,338,5896
1,337,2129
1,514,1714
1,398,2485
4,73,1090,486,682,551,5039,573,7914
4,171,1373,213,6652,434,4072,506,1192
1,536,452
2,307,2526,551,4960
4,415,14537,567,3567,587,1819,588,316
2,139,2591,559,5729
1,596,2076
1,530,390
2,529,390,601,3855
1,538,3009
1,514,9533
1,398,1206
3,535,87,536,52,657,10
1,534,87
4,524,452,534,52,620,1393,656,291
1,452,1117
3,1,10622,531,3009,574,4335
2,5,11363,403,5106
2,26,4700,31,9265
1,58,3950
3,238,595,488,2496,543,1
1,542,1
2,58,3979,577,367
1,31,674
2,258,394,568,1888
1,403,1605
1,571,5405
2,390,2348,576,2724
2,162,4308,594,2463
4,522,5039,525,4960,571,6057,633,598
1,187,594
1,219,582
2,253,434,455,2160
6,91,4744,152,2150,402,6833,585,6090,611,799,624,394
2,178,4878,590,1841
2,241,2930,391,9395
3,164,8780,269,4167,568,3998
2,527,5729,569,2428
2,584,4593,610,1514
2,21,2504,156,863
1,161,5365
2,55,10799,449,1540
1,565,8952
2,200,2596,564,8952
1,165,630
2,286,2639,526,3567
4,546,1888,558,3998,583,3303,586,5349
2,100,4084,559,2428
4,137,2728,190,4099,443,6266,655,629
4,26,3056,548,5405,551,6057,581,5570
1,487,205
1,522,7914
2,15,5292,538,4335
3,129,205,210,1707,626,1931
1,549,2724
1,544,367
1,618,628
1,290,425
1,288,144
3,162,2205,571,5570,628,4688
4,289,1586,511,2069,516,238,593,582
1,568,3303
2,560,4593,596,1490
2,223,3570,555,6090
4,398,9192,568,5349,640,107,643,87
1,526,1819
2,526,316,589,7
1,588,7
1,556,1841
1,47,531
2,15,7310,21,7006
1,582,582
2,510,4690,550,2463
2,596,10089,637,586
4,528,2076,584,1490,595,10089,597,505
1,596,505
1,599,781
2,460,1500,598,781
2,302,949,431,17
3,427,1942,430,1763,530,3855
1,338,592
1,605,408
1,359,616
2,478,1510,603,408
1,434,881
1,499,1662
1,502,55
1,226,185
2,307,1847,560,1514
1,555,799
2,346,919,619,4839
1,213,157
1,474,1557
1,616,225
6,79,2292,160,4766,265,2848,378,3271,441,2251,615,225
2,265,137,630,21
2,350,1404,578,628
1,612,4839
4,341,32,488,1824,536,1393,621,729
1,620,729
1,483,551
2,25,2198,399,2711
1,555,394
1,5,715
1,575,1931
1,26,4618
1,581,4688
1,504,52
1,617,21
1,474,990
2,374,1841,477,3787
1,551,598
1,325,362
1,450,14918
1,83,626
1,595,586
1,434,283
1,443,655
1,586,107
1,645,259
1,643,30
2,586,87,642,30
1,343,536
2,282,87,641,259
1,361,576
1,654,122
1,311,152
1,311,90
2,340,360,651,28
1,650,28
2,311,41,653,197
1,652,197
2,402,64,647,122
1,570,629
1,536,291
1,534,10
1,108,938
1,100,196
1,361,721
1,189,231
1,487,26
2,334,125,400,6208
1,474,34
1,12,56
1,462,99
1,435,21
1,439,1
1,435,63
1,399,18
1,141,2963
1,240,274
1,350,3
1,348,66
1,62,800
1,298,2
1,298,1
1,288,7
1,5,25
1,20,313
1,216,448
1,170,2
1,10,85
1,159,5
1,138,12
1,137,25
1,126,18
1,96,60
1,76,3
1,62,16
1,49,1
1,25,10
1,22,157
